0 0 0 0 0 
0.0319773 0.0319773 0.0319773 0.0319773 0.0319773 
0 0.0655078 0.0655078 0.0655078 0.0655078 
0 0 0.0655078 0.0655078 0.0655078 
0.00843723 0.00843723 0.100758 0.100758 0.100758 
0 0 0.137925 0.137925 0.137925 
0.00843723 0.00843723 0.00843723 0.100758 0.100758 
0.0268133 0.0268133 0.0268133 0.137925 0.137925 
0 0 0 0.0655078 0.0655078 
0.00843723 0.00843723 0.00843723 0.100758 0.100758 
0 0.0268133 0.0268133 0.137925 0.137925 
0 0 0.0268133 0.137925 0.137925 
0.00537405 0.00537405 0.0509783 0.177243 0.177243 
0 0 0 0.137925 0.137925 
0.00537405 0.00537405 0.00537405 0.177243 0.177243 
0 0.018791 0.018791 0.218995 0.218995 
0 0 0 0.137925 0.137925 
0.00537405 0.00537405 0.00537405 0.177243 0.177243 
0 0 0.018791 0.218995 0.218995 
0 0 0 0.218995 0.218995 
0.00413327 0.00413327 0.00413327 0.263529 0.263529 
0 0 0 0.311278 0.311278 
0.0268133 0.0268133 0.0268133 0.0268133 0.137925 
0.0509783 0.0509783 0.0509783 0.0509783 0.177243 
0.00843723 0.00843723 0.00843723 0.00843723 0.100758 
0.0268133 0.0268133 0.0268133 0.0268133 0.137925 
0 0.0268133 0.0268133 0.0268133 0.137925 
0.00537405 0.0509783 0.0509783 0.0509783 0.177243 
0.00537405 0.00537405 0.0509783 0.0509783 0.177243 
0.018791 0.018791 0.0795481 0.0795481 0.218995 
0 0 0.0268133 0.0268133 0.137925 
0.00537405 0.00537405 0.0509783 0.0509783 0.177243 
0 0.018791 0.0795481 0.0795481 0.218995 
0.00537405 0.00537405 0.00537405 0.0509783 0.177243 
0.018791 0.018791 0.018791 0.0795481 0.218995 
0 0.018791 0.018791 0.0795481 0.218995 
0.00413327 0.0380771 0.0380771 0.112016 0.263529 
0 0 0 0.0268133 0.137925 
0.00537405 0.00537405 0.00537405 0.0509783 0.177243 
0.00537405 0.00537405 0.00537405 0.0509783 0.177243 
0 0.018791 0.018791 0.0795481 0.218995 
0 0 0.018791 0.0795481 0.218995 
0.00413327 0.00413327 0.0380771 0.112016 0.263529 
0.00413327 0.00413327 0.00413327 0.112016 0.263529 
0.0151529 0.0151529 0.0151529 0.148283 0.311278 
0 0 0 0 0.0655078 
0.00843723 0.00843723 0.00843723 0.00843723 0.100758 
0.00843723 0.00843723 0.00843723 0.00843723 0.100758 
0 0.0268133 0.0268133 0.0268133 0.137925 
0 0 0.0268133 0.0268133 0.137925 
0.00537405 0.00537405 0.0509783 0.0509783 0.177243 
0 0 0.0268133 0.0268133 0.137925 
0.00537405 0.00537405 0.0509783 0.0509783 0.177243 
0 0 0.0795481 0.0795481 0.218995 
0.00537405 0.00537405 0.00537405 0.0509783 0.177243 
0.018791 0.018791 0.018791 0.0795481 0.218995 
0 0 0 0.0268133 0.137925 
0.00537405 0.00537405 0.00537405 0.0509783 0.177243 
0.00537405 0.00537405 0.00537405 0.0509783 0.177243 
0 0.018791 0.018791 0.0795481 0.218995 
0 0 0.018791 0.0795481 0.218995 
0.00413327 0.00413327 0.0380771 0.112016 0.263529 
0.0268133 0 0 0.0268133 0.137925 
0.00537405 0.00537405 0.00537405 0.0509783 0.177243 
0.0509783 0.00537405 0.00537405 0.0509783 0.177243 
0.018791 0.018791 0.018791 0.0795481 0.218995 
0.00537405 0.00537405 0.00537405 0.0509783 0.177243 
0 0 0.018791 0.0795481 0.218995 
0.018791 0 0.018791 0.0795481 0.218995 
0.00413327 0.00413327 0.0380771 0.112016 0.263529 
0 0 0 0.0795481 0.218995 
0.00413327 0.00413327 0.00413327 0.112016 0.263529 
0.00413327 0.00413327 0.00413327 0.112016 0.263529 
0 0.0151529 0.0151529 0.148283 0.311278 
0.00537405 0.00537405 0.00537405 0.0509783 0.177243 
0 0 0 0.0795481 0.218995 
0.018791 0 0 0.0795481 0.218995 
0.00413327 0.00413327 0.00413327 0.112016 0.263529 
0.00413327 0.00413327 0.00413327 0.112016 0.263529 
0 0 0.0151529 0.148283 0.311278 
0 0 0 0.148283 0.311278 
0 0.018791 0.018791 0.018791 0.218995 
0.00413327 0.0380771 0.0380771 0.0380771 0.263529 
0 0.0622789 0.0622789 0.0622789 0.311278 
0.018791 0.018791 0.018791 0.018791 0.218995 
0.0380771 0.0380771 0.0380771 0.0380771 0.263529 
0.00537405 0.00537405 0.00537405 0.00537405 0.177243 
0.018791 0.018791 0.018791 0.018791 0.218995 
0 0.018791 0.018791 0.018791 0.218995 
0.00413327 0.0380771 0.0380771 0.0380771 0.263529 
0.00413327 0.00413327 0.0380771 0.0380771 0.263529 
0.0151529 0.0151529 0.0622789 0.0622789 0.311278 
0.00537405 0.00537405 0.00537405 0.00537405 0.177243 
0 0.018791 0.018791 0.018791 0.218995 
0.018791 0.018791 0.018791 0.018791 0.218995 
0.00413327 0.0380771 0.0380771 0.0380771 0.263529 
0 0 0.018791 0.018791 0.218995 
0.00413327 0.00413327 0.0380771 0.0380771 0.263529 
0.00413327 0.00413327 0.0380771 0.0380771 0.263529 
0 0.0151529 0.0622789 0.0622789 0.311278 
0.00413327 0.00413327 0.00413327 0.0380771 0.263529 
0.0151529 0.0151529 0.0151529 0.0622789 0.311278 
0 0.0151529 0.0151529 0.0622789 0.311278 
0 0 0 0 0.137925 
0.00537405 0.00537405 0.00537405 0.00537405 0.177243 
0 0.018791 0.018791 0.018791 0.218995 
0.018791 0 0.018791 0.018791 0.218995 
0 0 0.018791 0.018791 0.218995 
0.00413327 0.00413327 0.0380771 0.0380771 0.263529 
0 0 0.0622789 0.0622789 0.311278 
0.018791 0 0 0.018791 0.218995 
0.0380771 0.00413327 0.00413327 0.0380771 0.263529 
0.00413327 0.00413327 0.00413327 0.0380771 0.263529 
0.0151529 0.0151529 0.0151529 0.0622789 0.311278 
0 0 0 0.018791 0.218995 
0.00413327 0.00413327 0.00413327 0.0380771 0.263529 
0 0.0151529 0.0151529 0.0622789 0.311278 
0.00413327 0.00413327 0.00413327 0.0380771 0.263529 
0.0151529 0 0.0151529 0.0622789 0.311278 
0 0 0.0151529 0.0622789 0.311278 
0 0 0 0.0622789 0.311278 
0 0 0 0 0.137925 
0.00537405 0.00537405 0.00537405 0.00537405 0.177243 
0.00537405 0.00537405 0.00537405 0.00537405 0.177243 
0 0.018791 0.018791 0.018791 0.218995 
0 0 0.018791 0.018791 0.218995 
0.00413327 0.00413327 0.0380771 0.0380771 0.263529 
0 0 0.018791 0.018791 0.218995 
0.00413327 0.00413327 0.0380771 0.0380771 0.263529 
0 0 0.0622789 0.0622789 0.311278 
0 0.018791 0 0.018791 0.218995 
0.00413327 0.0380771 0.00413327 0.0380771 0.263529 
0.00413327 0.00413327 0.00413327 0.0380771 0.263529 
0 0 0 0.018791 0.218995 
0.00413327 0.00413327 0.00413327 0.0380771 0.263529 
0.00413327 0.00413327 0.00413327 0.0380771 0.263529 
0 0.0151529 0.0151529 0.0622789 0.311278 
0 0 0.0151529 0.0622789 0.311278 
0 0 0 0 0.137925 
0.00537405 0.00537405 0.00537405 0.00537405 0.177243 
0 0.018791 0.018791 0.018791 0.218995 
0 0 0.018791 0.018791 0.218995 
0.00413327 0.00413327 0.0380771 0.0380771 0.263529 
0 0 0.0622789 0.0622789 0.311278 
0.00537405 0.00537405 0.00537405 0.00537405 0.177243 
0 0.018791 0 0.018791 0.218995 
0.018791 0.018791 0 0.018791 0.218995 
0.00413327 0.0380771 0.00413327 0.0380771 0.263529 
0 0 0 0.018791 0.218995 
0.00413327 0.00413327 0.00413327 0.0380771 0.263529 
0.00413327 0.00413327 0.00413327 0.0380771 0.263529 
0 0.0151529 0.0151529 0.0622789 0.311278 
0.00413327 0.00413327 0.00413327 0.0380771 0.263529 
0 0 0.0151529 0.0622789 0.311278 
0 0 0.018791 0.018791 0.218995 
0.00413327 0.00413327 0.00413327 0.0380771 0.263529 
0.00413327 0.00413327 0.00413327 0.0380771 0.263529 
0 0 0 0.0622789 0.311278 
0 0 0 0.0622789 0.311278 
0.0151529 0.0151529 0.0151529 0.0151529 0.311278 
0.00413327 0.00413327 0.00413327 0.00413327 0.263529 
0.0151529 0.0151529 0.0151529 0.0151529 0.311278 
0 0.0151529 0.0151529 0.0151529 0.311278 
0.00349026 0.00349026 0.0318253 0.0318253 0.362799 
0 0.018791 0 0 0.218995 
0.00413327 0.0380771 0.00413327 0.00413327 0.263529 
0.00413327 0.00413327 0.00413327 0.00413327 0.263529 
0.0151529 0.0151529 0.0151529 0.0151529 0.311278 
0 0.0151529 0.0151529 0.0151529 0.311278 
0 0 0.0151529 0.0151529 0.311278 
0 0 0 0 0.218995 
0.00413327 0.00413327 0.00413327 0.00413327 0.263529 
0.00413327 0.00413327 0.00413327 0.00413327 0.263529 
0 0.0151529 0.0151529 0.0151529 0.311278 
0 0 0.0151529 0.0151529 0.311278 
0 0 0.0151529 0.0151529 0.311278 
0.00413327 0.00413327 0.00413327 0.00413327 0.263529 
0.0151529 0.0151529 0 0.0151529 0.311278 
0 0.0151529 0 0.0151529 0.311278 
0 0 0 0.0151529 0.311278 
0 0 0 0 0.311278 
0 0 0 0 0.218995 
0.00413327 0.00413327 0.00413327 0.00413327 0.263529 
0.00413327 0.00413327 0.00413327 0.00413327 0.263529 
0 0.0151529 0.0151529 0.0151529 0.311278 
0 0 0.0151529 0.0151529 0.311278 
0.00349026 0.00349026 0.00349026 0.0318253 0.362799 
0.00537405 0.00537405 0.00537405 0.00537405 0.177243 
0 0.018791 0.018791 0 0.218995 
0 0 0.018791 0 0.218995 
0.00413327 0.00413327 0.0380771 0.00413327 0.263529 
0 0 0.018791 0 0.218995 
0.00413327 0.00413327 0.0380771 0.00413327 0.263529 
0.00413327 0.00413327 0.0380771 0.00413327 0.263529 
0.00413327 0.00413327 0.00413327 0.00413327 0.263529 
0.0151529 0.0151529 0.0151529 0.0151529 0.311278 
0 0 0 0 0.218995 
0.00413327 0.00413327 0.00413327 0.00413327 0.263529 
0.00413327 0.00413327 0.00413327 0.00413327 0.263529 
0 0.0151529 0.0151529 0.0151529 0.311278 
0 0 0.0151529 0.0151529 0.311278 
0.00413327 0.00413327 0.00413327 0.00413327 0.263529 
0.00413327 0.00413327 0.00413327 0.00413327 0.263529 
0 0 0.0151529 0.0151529 0.311278 
0 0 0 0.0151529 0.311278 
0 0 0 0.0151529 0.311278 
0.0131822 0.0131822 0.0131822 0.0131822 0.418821 
0 0 0.0622789 0 0.311278 
0.0151529 0.0151529 0.0151529 0 0.311278 
0.00413327 0.00413327 0.00413327 0.00413327 0.263529 
0 0.0151529 0.0151529 0 0.311278 
0 0 0.0151529 0 0.311278 
0 0 0 0 0.311278 
0 0 0 0.0622789 0.311278 
0.00413327 0.00413327 0.00413327 0.00413327 0.263529 
0 0.0151529 0 0.0151529 0.311278 
0 0 0 0.0151529 0.311278 
0 0 0 0 0.311278 
0 0 0 0 0.311278 
0 0 0 0 0.311278 
0 0 0 0 0.311278 
0 0 0 0 0.311278 
