0 0 0 0 1 
0.00283069 0.00283069 0.00283069 0.00283069 0.828535 
0 0.0114824 0.0114824 0.0114824 0.716917 
0 0 0.0114824 0.0114824 0.716917 
0.0029227 0.0029227 0.0264703 0.0264703 0.626383 
0 0 0.0487949 0.0487949 0.548795 
0.0029227 0.0029227 0.0029227 0.0264703 0.626383 
0.0120652 0.0120652 0.0120652 0.0487949 0.548795 
0 0 0 0.0114824 0.716917 
0.0029227 0.0029227 0.0029227 0.0264703 0.626383 
0 0.0120652 0.0120652 0.0487949 0.548795 
0 0 0.0120652 0.0487949 0.548795 
0.00312595 0.00312595 0.0283733 0.0802559 0.480343 
0 0 0 0.0487949 0.548795 
0.00312595 0.00312595 0.00312595 0.0802559 0.480343 
0 0.0131822 0.0131822 0.124256 0.418821 
0 0 0 0.0487949 0.548795 
0.00312595 0.00312595 0.00312595 0.0802559 0.480343 
0 0 0.0131822 0.124256 0.418821 
0 0 0 0.124256 0.418821 
0.00349026 0.00349026 0.00349026 0.188503 0.362799 
0 0 0 0.311278 0.311278 
0.0120652 0.0120652 0.0120652 0.0120652 0.548795 
0.0283733 0.0283733 0.0283733 0.0283733 0.480343 
0.0029227 0.0029227 0.0029227 0.0029227 0.626383 
0.0120652 0.0120652 0.0120652 0.0120652 0.548795 
0 0.0120652 0.0120652 0.0120652 0.548795 
0.00312595 0.0283733 0.0283733 0.0283733 0.480343 
0.00312595 0.00312595 0.0283733 0.0283733 0.480343 
0.0131822 0.0131822 0.0535824 0.0535824 0.418821 
0 0 0.0120652 0.0120652 0.548795 
0.00312595 0.00312595 0.0283733 0.0283733 0.480343 
0 0.0131822 0.0535824 0.0535824 0.418821 
0.00312595 0.00312595 0.00312595 0.0283733 0.480343 
0.0131822 0.0131822 0.0131822 0.0535824 0.418821 
0 0.0131822 0.0131822 0.0535824 0.418821 
0.00349026 0.0318253 0.0318253 0.0910165 0.362799 
0 0 0 0.0120652 0.548795 
0.00312595 0.00312595 0.00312595 0.0283733 0.480343 
0.00312595 0.00312595 0.00312595 0.0283733 0.480343 
0 0.0131822 0.0131822 0.0535824 0.418821 
0 0 0.0131822 0.0535824 0.418821 
0.00349026 0.00349026 0.0318253 0.0910165 0.362799 
0.00349026 0.00349026 0.00349026 0.0910165 0.362799 
0.0151529 0.0151529 0.0151529 0.148283 0.311278 
0 0 0 0 0.716917 
0.0029227 0.0029227 0.0029227 0.0029227 0.626383 
0.0029227 0.0029227 0.0029227 0.0029227 0.626383 
0 0.0120652 0.0120652 0.0120652 0.548795 
0 0 0.0120652 0.0120652 0.548795 
0.00312595 0.00312595 0.0283733 0.0283733 0.480343 
0 0 0.0120652 0.0120652 0.548795 
0.00312595 0.00312595 0.0283733 0.0283733 0.480343 
0 0 0.0535824 0.0535824 0.418821 
0.00312595 0.00312595 0.00312595 0.0283733 0.480343 
0.0131822 0.0131822 0.0131822 0.0535824 0.418821 
0 0 0 0.0120652 0.548795 
0.00312595 0.00312595 0.00312595 0.0283733 0.480343 
0.00312595 0.00312595 0.00312595 0.0283733 0.480343 
0 0.0131822 0.0131822 0.0535824 0.418821 
0 0 0.0131822 0.0535824 0.418821 
0.00349026 0.00349026 0.0318253 0.0910165 0.362799 
0.0120652 0 0 0.0120652 0.548795 
0.00312595 0.00312595 0.00312595 0.0283733 0.480343 
0.0283733 0.00312595 0.00312595 0.0283733 0.480343 
0.0131822 0.0131822 0.0131822 0.0535824 0.418821 
0.00312595 0.00312595 0.00312595 0.0283733 0.480343 
0 0 0.0131822 0.0535824 0.418821 
0.0131822 0 0.0131822 0.0535824 0.418821 
0.00349026 0.00349026 0.0318253 0.0910165 0.362799 
0 0 0 0.0535824 0.418821 
0.00349026 0.00349026 0.00349026 0.0910165 0.362799 
0.00349026 0.00349026 0.00349026 0.0910165 0.362799 
0 0.0151529 0.0151529 0.148283 0.311278 
0.00312595 0.00312595 0.00312595 0.0283733 0.480343 
0 0 0 0.0535824 0.418821 
0.0131822 0 0 0.0535824 0.418821 
0.00349026 0.00349026 0.00349026 0.0910165 0.362799 
0.00349026 0.00349026 0.00349026 0.0910165 0.362799 
0 0 0.0151529 0.148283 0.311278 
0 0 0 0.148283 0.311278 
0 0.0131822 0.0131822 0.0131822 0.418821 
0.00349026 0.0318253 0.0318253 0.0318253 0.362799 
0 0.0622789 0.0622789 0.0622789 0.311278 
0.0131822 0.0131822 0.0131822 0.0131822 0.418821 
0.0318253 0.0318253 0.0318253 0.0318253 0.362799 
0.00312595 0.00312595 0.00312595 0.00312595 0.480343 
0.0131822 0.0131822 0.0131822 0.0131822 0.418821 
0 0.0131822 0.0131822 0.0131822 0.418821 
0.00349026 0.0318253 0.0318253 0.0318253 0.362799 
0.00349026 0.00349026 0.0318253 0.0318253 0.362799 
0.0151529 0.0151529 0.0622789 0.0622789 0.311278 
0.00312595 0.00312595 0.00312595 0.00312595 0.480343 
0 0.0131822 0.0131822 0.0131822 0.418821 
0.0131822 0.0131822 0.0131822 0.0131822 0.418821 
0.00349026 0.0318253 0.0318253 0.0318253 0.362799 
0 0 0.0131822 0.0131822 0.418821 
0.00349026 0.00349026 0.0318253 0.0318253 0.362799 
0.00349026 0.00349026 0.0318253 0.0318253 0.362799 
0 0.0151529 0.0622789 0.0622789 0.311278 
0.00349026 0.00349026 0.00349026 0.0318253 0.362799 
0.0151529 0.0151529 0.0151529 0.0622789 0.311278 
0 0.0151529 0.0151529 0.0622789 0.311278 
0 0 0 0 0.548795 
0.00312595 0.00312595 0.00312595 0.00312595 0.480343 
0 0.0131822 0.0131822 0.0131822 0.418821 
0.0131822 0 0.0131822 0.0131822 0.418821 
0 0 0.0131822 0.0131822 0.418821 
0.00349026 0.00349026 0.0318253 0.0318253 0.362799 
0 0 0.0622789 0.0622789 0.311278 
0.0131822 0 0 0.0131822 0.418821 
0.0318253 0.00349026 0.00349026 0.0318253 0.362799 
0.00349026 0.00349026 0.00349026 0.0318253 0.362799 
0.0151529 0.0151529 0.0151529 0.0622789 0.311278 
0 0 0 0.0131822 0.418821 
0.00349026 0.00349026 0.00349026 0.0318253 0.362799 
0 0.0151529 0.0151529 0.0622789 0.311278 
0.00349026 0.00349026 0.00349026 0.0318253 0.362799 
0.0151529 0 0.0151529 0.0622789 0.311278 
0 0 0.0151529 0.0622789 0.311278 
0 0 0 0.0622789 0.311278 
0 0 0 0 0.548795 
0.00312595 0.00312595 0.00312595 0.00312595 0.480343 
0.00312595 0.00312595 0.00312595 0.00312595 0.480343 
0 0.0131822 0.0131822 0.0131822 0.418821 
0 0 0.0131822 0.0131822 0.418821 
0.00349026 0.00349026 0.0318253 0.0318253 0.362799 
0 0 0.0131822 0.0131822 0.418821 
0.00349026 0.00349026 0.0318253 0.0318253 0.362799 
0 0 0.0622789 0.0622789 0.311278 
0 0.0131822 0 0.0131822 0.418821 
0.00349026 0.0318253 0.00349026 0.0318253 0.362799 
0.00349026 0.00349026 0.00349026 0.0318253 0.362799 
0 0 0 0.0131822 0.418821 
0.00349026 0.00349026 0.00349026 0.0318253 0.362799 
0.00349026 0.00349026 0.00349026 0.0318253 0.362799 
0 0.0151529 0.0151529 0.0622789 0.311278 
0 0 0.0151529 0.0622789 0.311278 
0 0 0 0 0.548795 
0.00312595 0.00312595 0.00312595 0.00312595 0.480343 
0 0.0131822 0.0131822 0.0131822 0.418821 
0 0 0.0131822 0.0131822 0.418821 
0.00349026 0.00349026 0.0318253 0.0318253 0.362799 
0 0 0.0622789 0.0622789 0.311278 
0.00312595 0.00312595 0.00312595 0.00312595 0.480343 
0 0.0131822 0 0.0131822 0.418821 
0.0131822 0.0131822 0 0.0131822 0.418821 
0.00349026 0.0318253 0.00349026 0.0318253 0.362799 
0 0 0 0.0131822 0.418821 
0.00349026 0.00349026 0.00349026 0.0318253 0.362799 
0.00349026 0.00349026 0.00349026 0.0318253 0.362799 
0 0.0151529 0.0151529 0.0622789 0.311278 
0.00349026 0.00349026 0.00349026 0.0318253 0.362799 
0 0 0.0151529 0.0622789 0.311278 
0 0 0.0131822 0.0131822 0.418821 
0.00349026 0.00349026 0.00349026 0.0318253 0.362799 
0.00349026 0.00349026 0.00349026 0.0318253 0.362799 
0 0 0 0.0622789 0.311278 
0 0 0 0.0622789 0.311278 
0.0151529 0.0151529 0.0151529 0.0151529 0.311278 
0.00349026 0.00349026 0.00349026 0.00349026 0.362799 
0.0151529 0.0151529 0.0151529 0.0151529 0.311278 
0 0.0151529 0.0151529 0.0151529 0.311278 
0.00413327 0.00413327 0.0380771 0.0380771 0.263529 
0 0.0131822 0 0 0.418821 
0.00349026 0.0318253 0.00349026 0.00349026 0.362799 
0.00349026 0.00349026 0.00349026 0.00349026 0.362799 
0.0151529 0.0151529 0.0151529 0.0151529 0.311278 
0 0.0151529 0.0151529 0.0151529 0.311278 
0 0 0.0151529 0.0151529 0.311278 
0 0 0 0 0.418821 
0.00349026 0.00349026 0.00349026 0.00349026 0.362799 
0.00349026 0.00349026 0.00349026 0.00349026 0.362799 
0 0.0151529 0.0151529 0.0151529 0.311278 
0 0 0.0151529 0.0151529 0.311278 
0 0 0.0151529 0.0151529 0.311278 
0.00349026 0.00349026 0.00349026 0.00349026 0.362799 
0.0151529 0.0151529 0 0.0151529 0.311278 
0 0.0151529 0 0.0151529 0.311278 
0 0 0 0.0151529 0.311278 
0 0 0 0 0.311278 
0 0 0 0 0.418821 
0.00349026 0.00349026 0.00349026 0.00349026 0.362799 
0.00349026 0.00349026 0.00349026 0.00349026 0.362799 
0 0.0151529 0.0151529 0.0151529 0.311278 
0 0 0.0151529 0.0151529 0.311278 
0.00413327 0.00413327 0.00413327 0.0380771 0.263529 
0.00312595 0.00312595 0.00312595 0.00312595 0.480343 
0 0.0131822 0.0131822 0 0.418821 
0 0 0.0131822 0 0.418821 
0.00349026 0.00349026 0.0318253 0.00349026 0.362799 
0 0 0.0131822 0 0.418821 
0.00349026 0.00349026 0.0318253 0.00349026 0.362799 
0.00349026 0.00349026 0.0318253 0.00349026 0.362799 
0.00349026 0.00349026 0.00349026 0.00349026 0.362799 
0.0151529 0.0151529 0.0151529 0.0151529 0.311278 
0 0 0 0 0.418821 
0.00349026 0.00349026 0.00349026 0.00349026 0.362799 
0.00349026 0.00349026 0.00349026 0.00349026 0.362799 
0 0.0151529 0.0151529 0.0151529 0.311278 
0 0 0.0151529 0.0151529 0.311278 
0.00349026 0.00349026 0.00349026 0.00349026 0.362799 
0.00349026 0.00349026 0.00349026 0.00349026 0.362799 
0 0 0.0151529 0.0151529 0.311278 
0 0 0 0.0151529 0.311278 
0 0 0 0.0151529 0.311278 
0.018791 0.018791 0.018791 0.018791 0.218995 
0 0 0.0622789 0 0.311278 
0.0151529 0.0151529 0.0151529 0 0.311278 
0.00349026 0.00349026 0.00349026 0.00349026 0.362799 
0 0.0151529 0.0151529 0 0.311278 
0 0 0.0151529 0 0.311278 
0 0 0 0 0.311278 
0 0 0 0.0622789 0.311278 
0.00349026 0.00349026 0.00349026 0.00349026 0.362799 
0 0.0151529 0 0.0151529 0.311278 
0 0 0 0.0151529 0.311278 
0 0 0 0 0.311278 
0 0 0 0 0.311278 
0 0 0 0 0.311278 
0 0 0 0 0.311278 
0 0 0 0 0.311278 
