0 0 0 0 1 
0 0 0 0 0.66271 
0 0 0 0 0.456436 
0 0 0 0 0.456436 
0 0 0 0 0.303788 
0 0 0 0 0.188722 
0 0 0 0 0.303788 
0 0 0 0 0.188722 
0 0 0 0 0.456436 
0 0 0 0 0.303788 
0 0 0 0 0.188722 
0 0 0 0 0.188722 
0 0 0 0 0.103962 
0 0 0 0 0.188722 
0 0 0 0 0.103962 
0 0 0 0 0.045566 
0 0 0 0 0.188722 
0 0 0 0 0.103962 
0 0 0 0 0.045566 
0 0 0 0 0.045566 
0 0 0 0 0.0113006 
0 0 0 0 0 
0 0 0 0 0.188722 
0 0 0 0 0.103962 
0 0 0 0 0.303788 
0 0 0 0 0.188722 
0 0 0 0 0.188722 
0 0 0 0 0.103962 
0 0 0 0 0.103962 
0 0 0 0 0.045566 
0 0 0 0 0.188722 
0 0 0 0 0.103962 
0 0 0 0 0.045566 
0 0 0 0 0.103962 
0 0 0 0 0.045566 
0 0 0 0 0.045566 
0 0 0 0 0.0113006 
0 0 0 0 0.188722 
0 0 0 0 0.103962 
0 0 0 0 0.103962 
0 0 0 0 0.045566 
0 0 0 0 0.045566 
0 0 0 0 0.0113006 
0 0 0 0 0.0113006 
0 0 0 0 0 
0 0 0 0 0.456436 
0 0 0 0 0.303788 
0 0 0 0 0.303788 
0 0 0 0 0.188722 
0 0 0 0 0.188722 
0 0 0 0 0.103962 
0 0 0 0 0.188722 
0 0 0 0 0.103962 
0 0 0 0 0.045566 
0 0 0 0 0.103962 
0 0 0 0 0.045566 
0 0 0 0 0.188722 
0 0 0 0 0.103962 
0 0 0 0 0.103962 
0 0 0 0 0.045566 
0 0 0 0 0.045566 
0 0 0 0 0.0113006 
0 0 0 0 0.188722 
0 0 0 0 0.103962 
0 0 0 0 0.103962 
0 0 0 0 0.045566 
0 0 0 0 0.103962 
0 0 0 0 0.045566 
0 0 0 0 0.045566 
0 0 0 0 0.0113006 
0 0 0 0 0.045566 
0 0 0 0 0.0113006 
0 0 0 0 0.0113006 
0 0 0 0 0 
0 0 0 0 0.103962 
0 0 0 0 0.045566 
0 0 0 0 0.045566 
0 0 0 0 0.0113006 
0 0 0 0 0.0113006 
0 0 0 0 0 
0 0 0 0 0 
0 0 0 0 0.045566 
0 0 0 0 0.0113006 
0 0 0 0 0 
0 0 0 0 0.045566 
0 0 0 0 0.0113006 
0 0 0 0 0.103962 
0 0 0 0 0.045566 
0 0 0 0 0.045566 
0 0 0 0 0.0113006 
0 0 0 0 0.0113006 
0 0 0 0 0 
0 0 0 0 0.103962 
0 0 0 0 0.045566 
0 0 0 0 0.045566 
0 0 0 0 0.0113006 
0 0 0 0 0.045566 
0 0 0 0 0.0113006 
0 0 0 0 0.0113006 
0 0 0 0 0 
0 0 0 0 0.0113006 
0 0 0 0 0 
0 0 0 0 0 
0 0 0 0 0.188722 
0 0 0 0 0.103962 
0 0 0 0 0.045566 
0 0 0 0 0.045566 
0 0 0 0 0.045566 
0 0 0 0 0.0113006 
0 0 0 0 0 
0 0 0 0 0.045566 
0 0 0 0 0.0113006 
0 0 0 0 0.0113006 
0 0 0 0 0 
0 0 0 0 0.045566 
0 0 0 0 0.0113006 
0 0 0 0 0 
0 0 0 0 0.0113006 
0 0 0 0 0 
0 0 0 0 0 
0 0 0 0 0 
0 0 0 0 0.188722 
0 0 0 0 0.103962 
0 0 0 0 0.103962 
0 0 0 0 0.045566 
0 0 0 0 0.045566 
0 0 0 0 0.0113006 
0 0 0 0 0.045566 
0 0 0 0 0.0113006 
0 0 0 0 0 
0 0 0 0 0.045566 
0 0 0 0 0.0113006 
0 0 0 0 0.0113006 
0 0 0 0 0.045566 
0 0 0 0 0.0113006 
0 0 0 0 0.0113006 
0 0 0 0 0 
0 0 0 0 0 
0 0 0 0 0.188722 
0 0 0 0 0.103962 
0 0 0 0 0.045566 
0 0 0 0 0.045566 
0 0 0 0 0.0113006 
0 0 0 0 0 
0 0 0 0 0.103962 
0 0 0 0 0.045566 
0 0 0 0 0.045566 
0 0 0 0 0.0113006 
0 0 0 0 0.045566 
0 0 0 0 0.0113006 
0 0 0 0 0.0113006 
0 0 0 0 0 
0 0 0 0 0.0113006 
0 0 0 0 0 
0 0 0 0 0.045566 
0 0 0 0 0.0113006 
0 0 0 0 0.0113006 
0 0 0 0 0 
0 0 0 0 0 
0 0 0 0 0 
0 0 0 0 0.0113006 
0 0 0 0 0 
0 0 0 0 0 
0 0 0 0 0.0113006 
0 0 0 0 0.045566 
0 0 0 0 0.0113006 
0 0 0 0 0.0113006 
0 0 0 0 0 
0 0 0 0 0 
0 0 0 0 0 
0 0 0 0 0.045566 
0 0 0 0 0.0113006 
0 0 0 0 0.0113006 
0 0 0 0 0 
0 0 0 0 0 
0 0 0 0 0 
0 0 0 0 0.0113006 
0 0 0 0 0 
0 0 0 0 0 
0 0 0 0 0 
0 0 0 0 0 
0 0 0 0 0.045566 
0 0 0 0 0.0113006 
0 0 0 0 0.0113006 
0 0 0 0 0 
0 0 0 0 0 
0 0 0 0 0.0113006 
0 0 0 0 0.103962 
0 0 0 0 0.045566 
0 0 0 0 0.045566 
0 0 0 0 0.0113006 
0 0 0 0 0.045566 
0 0 0 0 0.0113006 
0 0 0 0 0.0113006 
0 0 0 0 0.0113006 
0 0 0 0 0 
0 0 0 0 0.045566 
0 0 0 0 0.0113006 
0 0 0 0 0.0113006 
0 0 0 0 0 
0 0 0 0 0 
0 0 0 0 0.0113006 
0 0 0 0 0.0113006 
0 0 0 0 0 
0 0 0 0 0 
0 0 0 0 0 
0 0 0 0 0.045566 
0 0 0 0 0 
0 0 0 0 0 
0 0 0 0 0.0113006 
0 0 0 0 0 
0 0 0 0 0 
0 0 0 0 0 
0 0 0 0 0 
0 0 0 0 0.0113006 
0 0 0 0 0 
0 0 0 0 0 
0 0 0 0 0 
0 0 0 0 0 
0 0 0 0 0 
0 0 0 0 0 
0 0 0 0 0 
