 n1 =-0.001799  aN =-0.008087
<a1>=-0.011388 <d1>=0.052760
<aN>=-0.018271 <dN>=0.118437

[i] dataset b675ef4f
|  benchmark |  a(map) | a(opt1) | a(optN) | da(opt1) | da(optN) |   d(map) |  d(opt1) |  d(optN) | dd(opt1) | dd(optN) | t(opt1) | t(optN) |  cec |
|      adder |   57.38 |   57.38 |   57.38 |     0.00 |     0.00 |  2928.84 |  2928.84 |  2928.84 |     0.00 |     0.00 |    0.16 |    0.38 | true |
|        bar |  149.12 |  148.69 |  148.48 |    -0.29 |    -0.43 |   234.93 |   291.47 |   279.59 |    24.07 |    19.01 |    0.20 |    1.95 | true |
|        div | 1296.89 | 1193.87 | 1172.69 |    -7.94 |    -9.58 | 60246.08 | 61384.04 | 65561.48 |     1.89 |     8.82 |    2.00 |   18.11 | true |
|       log2 | 1533.07 | 1528.98 | 1511.50 |    -0.27 |    -1.41 |  4703.27 |  5230.74 |  6997.61 |    11.21 |    48.78 |    1.95 |   21.07 | true |
|        max |  158.74 |  158.62 |  158.50 |    -0.08 |    -0.15 |  2583.99 |  2583.99 |  2583.99 |     0.00 |     0.00 |    0.20 |    0.85 | true |
| multiplier | 1366.98 | 1363.21 | 1343.54 |    -0.28 |    -1.71 |  3659.98 |  3664.38 |  3981.42 |     0.12 |     8.78 |    1.30 |   13.89 | true |
|        sin |  288.49 |  287.01 |  283.48 |    -0.51 |    -1.74 |  2684.45 |  2877.79 |  3573.77 |     7.20 |    33.13 |    0.46 |    5.01 | true |
|       sqrt | 1171.15 | 1141.01 | 1119.15 |    -2.57 |    -4.44 | 78953.46 | 79015.83 | 78303.75 |     0.08 |    -0.82 |    1.42 |   14.34 | true |
|     square | 1072.43 | 1065.18 | 1042.93 |    -0.68 |    -2.75 |  3752.57 |  4040.57 |  5098.55 |     7.67 |    35.87 |    1.13 |   10.68 | true |
|    arbiter |  557.84 |  557.84 |  557.84 |     0.00 |     0.00 |   999.87 |   999.87 |   999.87 |     0.00 |     0.00 |    0.47 |    1.00 | true |
|      cavlc |   34.26 |   34.12 |   33.78 |    -0.41 |    -1.40 |   247.43 |   274.06 |   274.06 |    10.76 |    10.76 |    0.18 |    1.14 | true |
|       ctrl |    5.90 |    5.73 |    5.73 |    -2.88 |    -2.88 |   142.02 |   159.24 |   159.24 |    12.13 |    12.13 |    0.14 |    0.35 | true |
|        dec |   27.14 |   27.14 |   27.14 |     0.00 |     0.00 |    72.30 |    72.30 |    72.30 |     0.00 |     0.00 |    0.17 |    0.41 | true |
|        i2c |   58.69 |   58.30 |   58.07 |    -0.66 |    -1.06 |   273.78 |   273.78 |   303.90 |     0.00 |    11.00 |    0.17 |    1.21 | true |
|  int2float |   11.40 |   11.40 |   11.40 |     0.00 |     0.00 |   199.30 |   199.30 |   199.30 |     0.00 |     0.00 |    0.14 |    0.36 | true |
|   mem_ctrl | 2063.01 | 2025.57 | 1995.25 |    -1.81 |    -3.28 |  1649.39 |  1687.58 |  1687.58 |     2.32 |     2.32 |    4.72 |   44.79 | true |
|   priority |   27.66 |   27.45 |   27.45 |    -0.76 |    -0.76 |   909.87 |   926.57 |   926.57 |     1.84 |     1.84 |    0.15 |    0.36 | true |
|     router |    7.77 |    7.59 |    7.59 |    -2.32 |    -2.32 |   308.39 |   318.72 |   318.72 |     3.35 |     3.35 |    0.16 |    0.39 | true |
|      voter |  528.04 |  527.09 |  523.77 |    -0.18 |    -0.81 |  1021.81 |  1201.74 |  1329.06 |    17.61 |    30.07 |    0.50 |    4.86 | true |'

W=10
 n1 =-0.002004  aN =-0.003327
<a1>=-0.008544 <d1>=0.051785
<aN>=-0.015588 <dN>=0.125011
[i] dataset b675ef4f
|       benchmark |  a(map) | a(opt1) | a(optN) | da(opt1) | da(optN) |   d(map) |  d(opt1) |  d(optN) | dd(opt1) | dd(optN) | t(opt1) | t(optN) |  cec |
|           adder |   57.38 |   57.38 |   57.38 |     0.00 |     0.00 |  2928.84 |  2928.84 |  2928.84 |     0.00 |     0.00 |    0.15 |    0.37 | true |
|             bar |  149.12 |  148.69 |  148.48 |    -0.29 |    -0.43 |   234.93 |   291.47 |   279.59 |    24.07 |    19.01 |    0.20 |    1.86 | true |
|             div | 1296.89 | 1193.87 | 1168.40 |    -7.94 |    -9.91 | 60246.08 | 61384.04 | 67257.68 |     1.89 |    11.64 |    1.89 |   44.11 | true |
|            log2 | 1533.07 | 1528.79 | 1506.32 |    -0.28 |    -1.74 |  4703.27 |  5100.61 |  7537.43 |     8.45 |    60.26 |    2.08 |   60.44 | true |
|             max |  158.74 |  158.67 |  158.48 |    -0.04 |    -0.16 |  2583.99 |  2583.02 |  2583.02 |    -0.04 |    -0.04 |    0.19 |    0.83 | true |
|      multiplier | 1366.98 | 1363.27 | 1335.67 |    -0.27 |    -2.29 |  3659.98 |  3659.98 |  4139.61 |     0.00 |    13.10 |    1.25 |   35.74 | true |
|             sin |  288.49 |  287.26 |  283.48 |    -0.43 |    -1.74 |  2684.45 |  2753.30 |  3513.31 |     2.56 |    30.88 |    0.47 |    6.24 | true |
|            sqrt | 1171.15 | 1141.40 | 1119.10 |    -2.54 |    -4.44 | 78953.46 | 78994.44 | 78246.10 |     0.05 |    -0.90 |    1.35 |   20.05 | true |
|          square | 1072.43 | 1064.65 | 1038.17 |    -0.73 |    -3.19 |  3752.57 |  4052.36 |  5331.16 |     7.99 |    42.07 |    0.93 |   24.40 | true |
|         arbiter |  557.84 |  557.84 |  557.84 |     0.00 |     0.00 |   999.87 |   999.87 |   999.87 |     0.00 |     0.00 |    0.46 |    1.00 | true |
|           cavlc |   34.26 |   34.17 |   33.72 |    -0.26 |    -1.58 |   247.43 |   247.43 |   274.06 |     0.00 |    10.76 |    0.19 |    1.33 | true |
|            ctrl |    5.90 |    5.74 |    5.64 |    -2.71 |    -4.41 |   142.02 |   199.32 |   199.32 |    40.35 |    40.35 |    0.16 |    0.67 | true |
|             dec |   27.14 |   27.14 |   27.14 |     0.00 |     0.00 |    72.30 |    72.30 |    72.30 |     0.00 |     0.00 |    0.19 |    0.44 | true |
|             i2c |   58.69 |   58.30 |   57.98 |    -0.66 |    -1.21 |   273.78 |   303.90 |   303.90 |    11.00 |    11.00 |    0.16 |    1.23 | true |
|       int2float |   11.40 |   11.40 |   11.40 |     0.00 |     0.00 |   199.30 |   199.30 |   199.30 |     0.00 |     0.00 |    0.14 |    0.36 | true |
|        mem_ctrl | 2063.01 | 2025.51 | 1991.82 |    -1.82 |    -3.45 |  1649.39 |  1683.02 |  1687.58 |     2.04 |     2.32 |    4.16 |  127.06 | true |
|        priority |   27.66 |   27.55 |   27.55 |    -0.40 |    -0.40 |   909.87 |   926.57 |   926.57 |     1.84 |     1.84 |    0.14 |    0.35 | true |
|          router |    7.77 |    7.59 |    7.59 |    -2.32 |    -2.32 |   308.39 |   318.72 |   318.72 |     3.35 |     3.35 |    0.14 |    0.35 | true |
|           voter |  528.04 |  527.23 |  523.67 |    -0.15 |    -0.83 |  1021.81 |  1123.10 |  1345.23 |     9.91 |    31.65 |    0.42 |    5.97 | true |
|       ac97_ctrl |  586.11 |  585.27 |  584.09 |    -0.14 |    -0.34 |   186.26 |   186.26 |   186.26 |     0.00 |     0.00 |    0.56 |    4.59 | true |
|        aes_core | 1106.60 | 1097.14 | 1082.18 |    -0.85 |    -2.21 |   434.50 |   431.25 |   529.34 |    -0.75 |    21.83 |    2.90 |   93.81 | true |
|        des_area |  218.14 |  217.76 |  217.38 |    -0.17 |    -0.35 |   592.44 |   594.81 |   594.81 |     0.40 |     0.40 |    0.35 |    2.51 | true |
|        des_perf | 4615.59 | 4592.11 | 4542.85 |    -0.51 |    -1.58 |   584.16 |   602.69 |   603.56 |     3.17 |     3.32 |   24.23 |  188.35 | true |
|             DMA | 1045.59 | 1043.26 | 1040.77 |    -0.22 |    -0.46 |   383.65 |   504.01 |   573.27 |    31.37 |    49.43 |    1.32 |   15.63 | true |
|             DSP | 2011.24 | 2004.30 | 1994.87 |    -0.35 |    -0.81 |  1530.60 |  1674.52 |  2035.65 |     9.40 |    33.00 |    4.58 |   81.07 | true |
|        ethernet | 3123.35 | 3119.19 | 3115.11 |    -0.13 |    -0.26 |   588.32 |   590.21 |   720.90 |     0.32 |    22.54 |   12.80 |  166.14 | true |
|      iwls05_i2c |   49.95 |   49.18 |   48.93 |    -1.54 |    -2.04 |   288.07 |   288.07 |   285.44 |     0.00 |    -0.91 |    0.16 |    0.72 | true |
| iwls05_mem_ctrl |  380.37 |  379.67 |  378.75 |    -0.18 |    -0.43 |   895.46 |   923.05 |   963.11 |     3.08 |     7.55 |    0.37 |    2.20 | true |
|    pci_bridge32 |  970.64 |  966.63 |  963.06 |    -0.41 |    -0.78 |   670.82 |   670.82 |   670.82 |     0.00 |     0.00 |    1.43 |   14.13 | true |
|            RISC | 3172.54 | 3140.40 | 3116.92 |    -1.01 |    -1.75 |  1304.67 |  1422.24 |  1549.63 |     9.01 |    18.78 |   11.06 |  180.92 | true |
|            sasc |   31.72 |   31.43 |   31.27 |    -0.91 |    -1.42 |   190.99 |   190.99 |   190.99 |     0.00 |     0.00 |    0.15 |    0.81 | true |
|      simple_spi |   41.57 |   41.21 |   40.55 |    -0.87 |    -2.45 |   286.99 |   286.99 |   286.99 |     0.00 |     0.00 |    0.15 |    0.83 | true |
|             spi |  167.58 |  166.68 |  166.06 |    -0.54 |    -0.91 |   489.48 |   559.05 |   575.40 |    14.21 |    17.55 |    0.23 |    1.46 | true |
|          ss_pcm |   22.65 |   22.63 |   22.59 |    -0.09 |    -0.26 |   131.44 |   131.44 |   131.44 |     0.00 |     0.00 |    0.14 |    0.65 | true |
|      systemcaes |  530.88 |  513.87 |  511.34 |    -3.20 |    -3.68 |   783.94 |   811.65 |   793.80 |     3.53 |     1.26 |    0.53 |    5.88 | true |
|      systemcdes |  142.21 |  140.96 |  138.17 |    -0.88 |    -2.84 |   530.28 |   622.50 |   646.69 |    17.39 |    21.95 |    0.24 |    2.63 | true |
|            tv80 |  356.38 |  353.83 |  351.31 |    -0.72 |    -1.42 |   907.80 |   907.80 |   981.16 |     0.00 |     8.08 |    0.43 |    4.75 | true |
|       usb_funct |  702.44 |  697.50 |  696.01 |    -0.70 |    -0.92 |   721.93 |   702.80 |   793.05 |    -2.65 |     9.85 |    0.66 |    6.04 | true |
|         usb_phy |   23.97 |   23.86 |   23.86 |    -0.46 |    -0.46 |   179.06 |   179.54 |   179.54 |     0.27 |     0.27 |    0.14 |    0.35 | true |
|         vga_lcd | 5112.32 | 5107.80 | 5107.03 |    -0.09 |    -0.10 |   583.63 |   642.52 |   702.52 |    10.09 |    20.37 |   34.11 |  206.95 | true |
|       wb_conmax | 1671.34 | 1667.99 | 1665.78 |    -0.20 |    -0.33 |   341.23 |   341.23 |   341.23 |     0.00 |     0.00 |    2.40 |   23.10 | true |



W=12
 n1 =-0.002010  aN =-0.003488
<a1>=-0.008946 <d1>=0.032009
<aN>=-0.015760 <dN>=0.109912

[i] dataset b675ef4f
|       benchmark |  a(map) | a(opt1) | a(optN) | da(opt1) | da(optN) |   d(map) |  d(opt1) |  d(optN) | dd(opt1) | dd(optN) | t(opt1) | t(optN) |  cec |
|           adder |   57.38 |   57.38 |   57.38 |     0.00 |     0.00 |  2928.84 |  2928.84 |  2928.84 |     0.00 |     0.00 |    0.19 |    0.44 | true |
|             bar |  149.12 |  148.78 |  148.31 |    -0.23 |    -0.54 |   234.93 |   277.40 |   278.96 |    18.08 |    18.74 |    0.45 |    4.18 | true |
|             div | 1296.89 | 1194.17 | 1170.51 |    -7.92 |    -9.74 | 60246.08 | 61620.49 | 67144.24 |     2.28 |    11.45 |    6.89 |  135.78 | true |
|            log2 | 1533.07 | 1528.91 | 1506.41 |    -0.27 |    -1.74 |  4703.27 |  5087.29 |  7490.42 |     8.16 |    59.26 |    7.19 |  185.52 | true |
|             max |  158.74 |  158.62 |  158.53 |    -0.08 |    -0.13 |  2583.99 |  2583.99 |  2583.99 |     0.00 |     0.00 |    0.32 |    1.03 | true |
|      multiplier | 1366.98 | 1363.34 | 1334.97 |    -0.27 |    -2.34 |  3659.98 |  3659.98 |  4142.32 |     0.00 |    13.18 |    4.29 |  133.28 | true |
|             sin |  288.49 |  286.85 |  282.90 |    -0.57 |    -1.94 |  2684.45 |  2911.90 |  3593.40 |     8.47 |    33.86 |    1.73 |   30.96 | true |
|            sqrt | 1171.15 | 1141.89 | 1120.94 |    -2.50 |    -4.29 | 78953.46 | 78977.49 | 78313.70 |     0.03 |    -0.81 |    3.38 |   63.19 | true |
|          square | 1072.43 | 1065.09 | 1039.11 |    -0.68 |    -3.11 |  3752.57 |  3931.95 |  5324.29 |     4.78 |    41.88 |    2.55 |   78.42 | true |
|         arbiter |  557.84 |  557.84 |  557.84 |     0.00 |     0.00 |   999.87 |   999.87 |   999.87 |     0.00 |     0.00 |    0.97 |    2.00 | true |
|           cavlc |   34.26 |   34.11 |   33.85 |    -0.44 |    -1.20 |   247.43 |   247.43 |   274.06 |     0.00 |    10.76 |    0.35 |    1.80 | true |
|            ctrl |    5.90 |    5.75 |    5.73 |    -2.54 |    -2.88 |   142.02 |   137.15 |   139.81 |    -3.43 |    -1.56 |    0.16 |    0.68 | true |
|             dec |   27.14 |   27.14 |   27.14 |     0.00 |     0.00 |    72.30 |    72.30 |    72.30 |     0.00 |     0.00 |    0.32 |    0.72 | true |
|             i2c |   58.69 |   58.32 |   58.16 |    -0.63 |    -0.90 |   273.78 |   273.78 |   303.90 |     0.00 |    11.00 |    0.22 |    0.95 | true |
|       int2float |   11.40 |   11.40 |   11.40 |     0.00 |     0.00 |   199.30 |   199.30 |   199.30 |     0.00 |     0.00 |    0.17 |    0.40 | true |
|        mem_ctrl | 2063.01 | 2016.46 | 1977.63 |    -2.26 |    -4.14 |  1649.39 |  1651.73 |  1656.29 |     0.14 |     0.42 |    8.31 |  185.72 | true |
|        priority |   27.66 |   27.43 |   27.31 |    -0.83 |    -1.27 |   909.87 |   926.57 |   919.96 |     1.84 |     1.11 |    0.16 |    0.62 | true |
|          router |    7.77 |    7.59 |    7.59 |    -2.32 |    -2.32 |   308.39 |   318.72 |   318.72 |     3.35 |     3.35 |    0.14 |    0.41 | true |
|           voter |  528.04 |  527.27 |  523.30 |    -0.15 |    -0.90 |  1021.81 |  1097.18 |  1323.50 |     7.38 |    29.53 |    1.09 |   20.44 | true |
|       ac97_ctrl |  586.11 |  585.28 |  583.98 |    -0.14 |    -0.36 |   186.26 |   186.26 |   186.26 |     0.00 |     0.00 |    1.04 |    8.80 | true |
|        aes_core | 1106.60 | 1096.75 | 1083.86 |    -0.89 |    -2.05 |   434.50 |   445.43 |   498.73 |     2.52 |    14.78 |   10.72 |  180.99 | true |
|        des_area |  218.14 |  217.70 |  217.19 |    -0.20 |    -0.44 |   592.44 |   594.81 |   664.93 |     0.40 |    12.24 |    0.90 |    9.14 | true |
|        des_perf | 4615.59 | 4590.11 | 4544.15 |    -0.55 |    -1.55 |   584.16 |   584.16 |   583.78 |     0.00 |    -0.07 |   35.10 |  204.57 | true |
|             DMA | 1045.59 | 1043.09 | 1040.80 |    -0.24 |    -0.46 |   383.65 |   414.41 |   456.15 |     8.02 |    18.90 |    3.10 |   31.07 | true |
|             DSP | 2011.24 | 2004.10 | 1995.31 |    -0.36 |    -0.79 |  1530.60 |  1596.14 |  1945.75 |     4.28 |    27.12 |    7.66 |  121.15 | true |
|        ethernet | 3123.35 | 3117.71 | 3114.53 |    -0.18 |    -0.28 |   588.32 |   590.21 |   654.50 |     0.32 |    11.25 |   19.37 |  189.25 | true |
|      iwls05_i2c |   49.95 |   49.18 |   48.88 |    -1.54 |    -2.14 |   288.07 |   288.07 |   288.07 |     0.00 |     0.00 |    0.23 |    1.18 | true |
| iwls05_mem_ctrl |  380.37 |  379.59 |  378.26 |    -0.21 |    -0.55 |   895.46 |   923.47 |   963.53 |     3.13 |     7.60 |    1.69 |   12.75 | true |
|    pci_bridge32 |  970.64 |  966.37 |  964.04 |    -0.44 |    -0.68 |   670.82 |   670.82 |   670.82 |     0.00 |     0.00 |    3.42 |   35.43 | true |
|            RISC | 3172.54 | 3139.77 | 3117.76 |    -1.03 |    -1.73 |  1304.67 |  1443.73 |  1582.99 |    10.66 |    21.33 |   15.49 |  190.13 | true |
|            sasc |   31.72 |   31.39 |   31.29 |    -1.04 |    -1.36 |   190.99 |   190.99 |   190.99 |     0.00 |     0.00 |    0.17 |    0.75 | true |
|      simple_spi |   41.57 |   41.15 |   40.51 |    -1.01 |    -2.55 |   286.99 |   286.99 |   288.53 |     0.00 |     0.54 |    0.19 |    1.23 | true |
|             spi |  167.58 |  166.48 |  166.17 |    -0.66 |    -0.84 |   489.48 |   538.52 |   538.52 |    10.02 |    10.02 |    0.52 |    2.15 | true |
|          ss_pcm |   22.65 |   22.63 |   22.60 |    -0.09 |    -0.22 |   131.44 |   131.44 |   131.44 |     0.00 |     0.00 |    0.15 |    0.51 | true |
|      systemcaes |  530.88 |  513.50 |  511.62 |    -3.27 |    -3.63 |   783.94 |   811.65 |   811.65 |     3.53 |     3.53 |    1.63 |   18.77 | true |
|      systemcdes |  142.21 |  140.99 |  137.65 |    -0.86 |    -3.21 |   530.28 |   628.41 |   630.31 |    18.51 |    18.86 |    0.53 |    5.68 | true |
|            tv80 |  356.38 |  353.62 |  349.61 |    -0.77 |    -1.90 |   907.80 |   907.80 |  1171.43 |     0.00 |    29.04 |    1.37 |   15.76 | true |
|       usb_funct |  702.44 |  696.42 |  694.56 |    -0.86 |    -1.12 |   721.93 |   782.68 |   834.38 |     8.41 |    15.58 |    1.41 |   14.06 | true |
|         usb_phy |   23.97 |   23.88 |   23.76 |    -0.38 |    -0.88 |   179.06 |   179.54 |   198.83 |     0.27 |    11.04 |    0.15 |    0.84 | true |
|         vga_lcd | 5112.32 | 5107.73 | 5107.23 |    -0.09 |    -0.10 |   583.63 |   642.52 |   681.08 |    10.09 |    16.70 |   87.77 |  221.99 | true |
|       wb_conmax | 1671.34 | 1667.98 | 1665.51 |    -0.20 |    -0.35 |   341.23 |   341.23 |   341.23 |     0.00 |     0.00 |    5.46 |   54.23 | true |


<a1>=-0.019108 <d1>=0.126245
<aN>=-0.039807 <dN>=0.133855

[i] dataset b675ef4f
|  benchmark |  a(map) | a(opt1) | a(optN) | da(opt1) | da(optN) |   d(map) |  d(opt1) |  d(optN) | dd(opt1) | dd(optN) | t(opt1) | t(optN) | cec1 |  cec2 |
|      adder |   57.38 |   57.38 |   57.38 |     0.00 |     0.00 |  2928.84 |  2928.84 |  2928.84 |     0.00 |     0.00 |    0.15 |    0.60 | true |  true |
|        bar |  149.12 |  148.48 |  141.01 |    -0.43 |    -5.44 |   234.93 |   279.59 |   288.79 |    19.01 |    22.93 |    1.84 |    3.95 | true |  true |
|        div | 1296.89 | 1168.30 | 1073.58 |    -9.92 |   -17.22 | 60246.08 | 67076.96 | 62127.59 |    11.34 |     3.12 |   53.56 |   66.58 | true |  true |
|       log2 | 1533.07 | 1506.48 | 1484.54 |    -1.73 |    -3.17 |  4703.27 |  7579.07 |  7511.47 |    61.14 |    59.71 |   51.37 |  102.89 | true |  true |
|        max |  158.74 |  158.48 |  159.79 |    -0.16 |     0.66 |  2583.99 |  2583.02 |  2457.15 |    -0.04 |    -4.91 |    1.02 |    2.18 | true |  true |
| multiplier | 1366.98 | 1335.81 | 1337.82 |    -2.28 |    -2.13 |  3659.98 |  4142.32 |  4615.80 |    13.18 |    26.12 |   35.92 |   71.15 | true |  true |
|        sin |  288.49 |  283.31 |  278.48 |    -1.80 |    -3.47 |  2684.45 |  3537.76 |  3626.51 |    31.79 |    35.09 |    6.81 |   12.09 | true |  true |
|       sqrt | 1171.15 | 1118.23 | 1080.09 |    -4.52 |    -7.78 | 78953.46 | 78395.58 | 66450.90 |    -0.71 |   -15.84 |   22.34 |   34.60 | true |  true |
|     square | 1072.43 | 1038.10 | 1034.76 |    -3.20 |    -3.51 |  3752.57 |  5317.26 |  6089.07 |    41.70 |    62.26 |   25.38 |   53.63 | true |  true |
|    arbiter |  557.84 |  557.84 |  557.84 |     0.00 |     0.00 |   999.87 |   999.87 |   999.87 |     0.00 |     0.00 |    0.46 |    1.74 | true |  true |
|      cavlc |   34.26 |   33.88 |   33.97 |    -1.11 |    -0.85 |   247.43 |   274.06 |   261.44 |    10.76 |     5.66 |    0.92 |    1.91 | true |  true |
|       ctrl |    5.90 |    5.75 |    5.53 |    -2.54 |    -6.27 |   142.02 |   137.15 |   167.32 |    -3.43 |    17.81 |    0.42 |    1.25 | true | false |
|        dec |   27.14 |   27.14 |   27.14 |     0.00 |     0.00 |    72.30 |    72.30 |    72.30 |     0.00 |     0.00 |    0.19 |    0.71 | true |  true |
|        i2c |   58.69 |   57.95 |   58.24 |    -1.26 |    -0.77 |   273.78 |   303.90 |   306.63 |    11.00 |    12.00 |    1.12 |    2.41 | true | false |
|  int2float |   11.40 |   11.40 |   11.24 |     0.00 |    -1.40 |   199.30 |   199.30 |   200.79 |     0.00 |     0.75 |    0.14 |    0.55 | true |  true |
|   mem_ctrl | 2063.01 | 1994.41 | 1756.93 |    -3.33 |   -14.84 |  1649.39 |  1687.58 |  1520.58 |     2.32 |    -7.81 |  100.70 |  183.15 | true | false |
|   priority |   27.66 |   27.43 |   27.19 |    -0.83 |    -1.70 |   909.87 |   926.57 |   909.87 |     1.84 |     0.00 |    0.58 |    1.33 | true |  true |
|     router |    7.77 |    7.59 |    7.26 |    -2.32 |    -6.56 |   308.39 |   318.72 |   336.95 |     3.35 |     9.26 |    0.28 |    1.17 | true |  true |
|      voter |  528.04 |  523.39 |  521.74 |    -0.88 |    -1.19 |  1021.81 |  1395.98 |  1309.60 |    36.62 |    28.16 |    6.38 |   14.91 | true |  true |


<a1>=-0.019108 <d1>=0.126245
<aN>=-0.039807 <dN>=0.133855

[i] dataset b675ef4f
|  benchmark |  a(map) | a(opt1) | a(optN) | da(opt1) | da(optN) |   d(map) |  d(opt1) |  d(optN) | dd(opt1) | dd(optN) | t(opt1) | t(optN) | cec1 | cec2 |
|      adder |   57.38 |   57.38 |   57.38 |     0.00 |     0.00 |  2928.84 |  2928.84 |  2928.84 |     0.00 |     0.00 |    0.16 |    0.58 | true | true |
|        bar |  149.12 |  148.48 |  141.01 |    -0.43 |    -5.44 |   234.93 |   279.59 |   288.79 |    19.01 |    22.93 |    1.84 |    4.03 | true | true |
|        div | 1296.89 | 1168.30 | 1073.58 |    -9.92 |   -17.22 | 60246.08 | 67076.96 | 62127.59 |    11.34 |     3.12 |   53.41 |   66.31 | true | true |
|       log2 | 1533.07 | 1506.48 | 1484.54 |    -1.73 |    -3.17 |  4703.27 |  7579.07 |  7511.47 |    61.14 |    59.71 |   51.54 |  103.18 | true | true |
|        max |  158.74 |  158.48 |  159.79 |    -0.16 |     0.66 |  2583.99 |  2583.02 |  2457.15 |    -0.04 |    -4.91 |    0.96 |    2.12 | true | true |
| multiplier | 1366.98 | 1335.81 | 1337.82 |    -2.28 |    -2.13 |  3659.98 |  4142.32 |  4615.80 |    13.18 |    26.12 |   35.57 |   70.44 | true | true |
|        sin |  288.49 |  283.31 |  278.48 |    -1.80 |    -3.47 |  2684.45 |  3537.76 |  3626.51 |    31.79 |    35.09 |    6.75 |   12.02 | true | true |
|       sqrt | 1171.15 | 1118.23 | 1080.09 |    -4.52 |    -7.78 | 78953.46 | 78395.58 | 66450.90 |    -0.71 |   -15.84 |   22.44 |   35.54 | true | true |
|     square | 1072.43 | 1038.10 | 1034.76 |    -3.20 |    -3.51 |  3752.57 |  5317.26 |  6089.07 |    41.70 |    62.26 |   25.39 |   53.75 | true | true |
|    arbiter |  557.84 |  557.84 |  557.84 |     0.00 |     0.00 |   999.87 |   999.87 |   999.87 |     0.00 |     0.00 |    0.46 |    1.67 | true | true |
|      cavlc |   34.26 |   33.88 |   33.97 |    -1.11 |    -0.85 |   247.43 |   274.06 |   261.44 |    10.76 |     5.66 |    0.88 |    1.87 | true | true |
|       ctrl |    5.90 |    5.75 |    5.53 |    -2.54 |    -6.27 |   142.02 |   137.15 |   167.32 |    -3.43 |    17.81 |    0.43 |    1.31 | true | true |
|        dec |   27.14 |   27.14 |   27.14 |     0.00 |     0.00 |    72.30 |    72.30 |    72.30 |     0.00 |     0.00 |    0.22 |    0.71 | true | true |
|        i2c |   58.69 |   57.95 |   58.24 |    -1.26 |    -0.77 |   273.78 |   303.90 |   306.63 |    11.00 |    12.00 |    1.14 |    2.39 | true | true |
|  int2float |   11.40 |   11.40 |   11.24 |     0.00 |    -1.40 |   199.30 |   199.30 |   200.79 |     0.00 |     0.75 |    0.14 |    0.56 | true | true |
|   mem_ctrl | 2063.01 | 1994.41 | 1756.93 |    -3.33 |   -14.84 |  1649.39 |  1687.58 |  1520.58 |     2.32 |    -7.81 |  103.03 |  187.52 | true | true |
|   priority |   27.66 |   27.43 |   27.19 |    -0.83 |    -1.70 |   909.87 |   926.57 |   909.87 |     1.84 |     0.00 |    0.61 |    1.33 | true | true |
|     router |    7.77 |    7.59 |    7.26 |    -2.32 |    -6.56 |   308.39 |   318.72 |   336.95 |     3.35 |     9.26 |    0.29 |    1.12 | true | true |
|      voter |  528.04 |  523.39 |  521.74 |    -0.88 |    -1.19 |  1021.81 |  1395.98 |  1309.60 |    36.62 |    28.16 |    6.39 |   14.99 | true | true |

eps = 0
|       c17 |   0.32 |    0.32 |    0.32 |     0.00 |     0.00 |   45.76 |   45.76 |   46.45 |     0.00 |     1.51 |    0.14 |    0.54 | true | true |
|      c432 |   6.54 |    6.50 |    6.51 |    -0.61 |    -0.46 |  412.87 |  412.87 |  437.98 |     0.00 |     6.08 |    0.29 |    0.83 | true | true |
|      c499 |  23.15 |   22.95 |   23.04 |    -0.86 |    -0.48 |  390.59 |  410.67 |  371.52 |     5.14 |    -4.88 |    0.58 |    0.99 | true | true |
|      c880 |  16.15 |   16.03 |   16.09 |    -0.74 |    -0.37 |  370.70 |  407.27 |  407.06 |     9.87 |     9.81 |    0.58 |    1.27 | true | true |
|     c1355 |  23.24 |   23.04 |   22.58 |    -0.86 |    -2.84 |  386.76 |  408.16 |  379.80 |     5.53 |    -1.80 |    0.45 |    0.86 | true | true |
|     c1908 |  16.12 |   16.12 |   16.34 |     0.00 |     1.36 |  454.98 |  453.19 |  433.17 |    -0.39 |    -4.79 |    0.14 |    0.97 | true | true |
|     c2670 |  29.16 |   29.16 |   33.61 |     0.00 |    15.26 |  306.60 |  308.42 |  396.80 |     0.59 |    29.42 |    0.15 |    0.86 | true | true |
|     c3540 |  45.35 |   44.68 |   43.65 |    -1.48 |    -3.75 |  586.66 |  587.52 |  637.62 |     0.15 |     8.69 |    1.15 |    2.25 | true | true |
|     c5315 |  69.31 |   68.85 |   74.26 |    -0.66 |     7.14 |  514.86 |  569.83 |  540.27 |    10.68 |     4.94 |    0.52 |    2.72 | true | true |
|     c6288 | 128.10 |  126.65 |  126.64 |    -1.13 |    -1.14 | 1476.80 | 1707.43 | 1721.56 |    15.62 |    16.57 |    3.15 |    5.89 | true | true |
|     c7552 |  86.03 |   81.45 |   80.55 |    -5.32 |    -6.37 |  749.53 | 1163.69 | 1005.47 |    55.26 |    34.15 |    1.92 |    4.16 | true | true |


con simula
<a1>=-0.005091 <d1>=-0.007265
<aN>=0.000000 <dN>=0.000000

[i] dataset b675ef4f
| benchmark | a(map) | a(opt1) | a(optN) | da(opt1) | da(optN) |  d(map) | d(opt1) | d(optN) | dd(opt1) | dd(optN) | t(opt1) | t(optN) | cec1 | cec2 |
|       c17 |   0.32 |    0.32 |    0.32 |     0.00 |     0.00 |   45.76 |   45.76 |   45.76 |     0.00 |     0.00 |    0.18 |    0.51 | true | true |
|      c432 |   6.54 |    6.54 |    6.54 |     0.00 |     0.00 |  412.87 |  412.87 |  412.87 |     0.00 |     0.00 |    0.18 |    0.54 | true | true |
|      c499 |  23.15 |   23.15 |   23.15 |     0.00 |     0.00 |  390.62 |  390.62 |  390.62 |     0.00 |     0.00 |    0.18 |    0.45 | true | true |
|      c880 |  16.16 |   16.16 |   16.16 |     0.00 |     0.00 |  370.71 |  370.71 |  370.71 |     0.00 |     0.00 |    0.14 |    0.40 | true | true |
|     c1355 |  23.24 |   23.12 |   23.24 |    -0.52 |     0.00 |  386.81 |  382.55 |  386.81 |    -1.10 |     0.00 |    0.29 |    0.55 | true | true |
|     c1908 |  16.12 |   16.12 |   16.12 |     0.00 |     0.00 |  455.01 |  455.01 |  455.01 |     0.00 |     0.00 |    0.15 |    0.41 | true | true |
|     c2670 |  29.16 |   29.15 |   29.16 |    -0.03 |     0.00 |  306.62 |  306.62 |  306.62 |     0.00 |     0.00 |    0.29 |    0.56 | true | true |
|     c3540 |  45.36 |   45.41 |   45.36 |     0.11 |     0.00 |  586.68 |  586.68 |  586.68 |     0.00 |     0.00 |    0.17 |    0.44 | true | true |
|     c5315 |  69.32 |   68.84 |   69.32 |    -0.69 |     0.00 |  514.87 |  514.33 |  514.87 |    -0.10 |     0.00 |    0.87 |    1.16 | true | true |
|     c6288 | 128.10 |  127.96 |  128.10 |    -0.11 |     0.00 | 1476.87 | 1476.87 | 1476.87 |     0.00 |     0.00 |    0.64 |    0.92 | true | true |
|     c7552 |  86.04 |   82.29 |   86.04 |    -4.36 |     0.00 |  749.56 |  698.70 |  749.56 |    -6.79 |     0.00 |    1.33 |    1.61 | true | true |

senza simula
<a1>=-0.004097 <d1>=-0.001751
<aN>=0.000000 <dN>=0.000000

[i] dataset b675ef4f
| benchmark | a(map) | a(opt1) | a(optN) | da(opt1) | da(optN) |  d(map) | d(opt1) | d(optN) | dd(opt1) | dd(optN) | t(opt1) | t(optN) | cec1 | cec2 |
|       c17 |   0.32 |    0.32 |    0.32 |     0.00 |     0.00 |   45.76 |   45.76 |   45.76 |     0.00 |     0.00 |    0.14 |    0.42 | true | true |
|      c432 |   6.54 |    6.54 |    6.54 |     0.00 |     0.00 |  412.87 |  412.87 |  412.87 |     0.00 |     0.00 |    0.14 |    0.40 | true | true |
|      c499 |  23.15 |   23.15 |   23.15 |     0.00 |     0.00 |  390.62 |  390.62 |  390.62 |     0.00 |     0.00 |    0.14 |    0.40 | true | true |
|      c880 |  16.16 |   16.16 |   16.16 |     0.00 |     0.00 |  370.71 |  370.71 |  370.71 |     0.00 |     0.00 |    0.14 |    0.39 | true | true |
|     c1355 |  23.24 |   23.12 |   23.24 |    -0.52 |     0.00 |  386.81 |  382.55 |  386.81 |    -1.10 |     0.00 |    0.34 |    0.60 | true | true |
|     c1908 |  16.12 |   16.12 |   16.12 |     0.00 |     0.00 |  455.01 |  455.01 |  455.01 |     0.00 |     0.00 |    0.14 |    0.40 | true | true |
|     c2670 |  29.16 |   29.15 |   29.16 |    -0.03 |     0.00 |  306.62 |  306.62 |  306.62 |     0.00 |     0.00 |    0.29 |    0.55 | true | true |
|     c3540 |  45.36 |   45.22 |   45.36 |    -0.31 |     0.00 |  586.68 |  586.68 |  586.68 |     0.00 |     0.00 |    0.31 |    0.58 | true | true |
|     c5315 |  69.32 |   69.15 |   69.32 |    -0.25 |     0.00 |  514.87 |  514.87 |  514.87 |     0.00 |     0.00 |    0.49 |    0.78 | true | true |
|     c6288 | 128.10 |  128.03 |  128.10 |    -0.05 |     0.00 | 1476.87 | 1476.87 | 1476.87 |     0.00 |     0.00 |    0.43 |    0.71 | true | true |
|     c7552 |  86.04 |   83.16 |   86.04 |    -3.35 |     0.00 |  749.56 |  743.38 |  749.56 |    -0.82 |     0.00 |    1.54 |    1.82 | true | true |

<a1>=-0.038078 <d1>=-0.016025
<aN>=0.000000 <dN>=0.000000

[i] dataset b675ef4f
|  benchmark |  a(map) | a(opt1) | a(optN) | da(opt1) | da(optN) |   d(map) |  d(opt1) |  d(optN) | dd(opt1) | dd(optN) | t(opt1) | t(optN) | cec1 | cec2 |
|      adder |   57.38 |   57.38 |   57.38 |     0.00 |     0.00 |  2928.89 |  2928.89 |  2928.89 |     0.00 |     0.00 |    0.15 |    0.43 | true | true |
|        bar |  149.13 |  149.09 |  149.13 |    -0.03 |     0.00 |   234.94 |   234.94 |   234.94 |     0.00 |     0.00 |    0.44 |    0.74 | true | true |
|        div | 1296.90 | 1177.94 | 1296.90 |    -9.17 |     0.00 | 60248.23 | 60290.24 | 60248.23 |     0.07 |     0.00 |   34.27 |   34.90 | true | true |
|       log2 | 1533.08 | 1529.62 | 1533.08 |    -0.23 |     0.00 |  4703.48 |  4703.94 |  4703.48 |     0.01 |     0.00 |   44.88 |   46.23 | true | true |
|        max |  158.75 |  158.51 |  158.75 |    -0.15 |     0.00 |  2584.11 |  2584.11 |  2584.11 |     0.00 |     0.00 |    0.65 |    1.04 | true | true |
| multiplier | 1366.99 | 1363.28 | 1366.99 |    -0.27 |     0.00 |  3660.08 |  3660.08 |  3660.08 |     0.00 |     0.00 |   26.07 |   26.74 | true | true |
|        sin |  288.50 |  287.64 |  288.50 |    -0.30 |     0.00 |  2684.59 |  2684.59 |  2684.59 |     0.00 |     0.00 |    2.63 |    3.10 | true | true |
|       sqrt | 1171.15 | 1111.08 | 1171.15 |    -5.13 |     0.00 | 78957.63 | 77902.05 | 78957.63 |    -1.34 |     0.00 |   51.35 |   52.05 | true | true |
|     square | 1072.43 | 1065.29 | 1072.43 |    -0.67 |     0.00 |  3752.70 |  3744.92 |  3752.70 |    -0.21 |     0.00 |   23.89 |   24.43 | true | true |
|    arbiter |  557.84 |  333.07 |  557.84 |   -40.29 |     0.00 |   999.95 |   803.91 |   999.95 |   -19.60 |     0.00 |   13.43 |   14.19 | true | true |
|      cavlc |   34.27 |   34.09 |   34.27 |    -0.53 |     0.00 |   247.45 |   247.45 |   247.45 |     0.00 |     0.00 |    0.56 |    0.82 | true | true |
|       ctrl |    5.90 |    5.74 |    5.90 |    -2.71 |     0.00 |   142.02 |   140.49 |   142.02 |    -1.08 |     0.00 |    0.28 |    0.54 | true | true |
|        dec |   27.14 |   27.14 |   27.14 |     0.00 |     0.00 |    72.30 |    72.30 |    72.30 |     0.00 |     0.00 |    0.18 |    0.47 | true | true |
|        i2c |   58.70 |   58.77 |   58.70 |     0.12 |     0.00 |   273.80 |   273.80 |   273.80 |     0.00 |     0.00 |    0.18 |    0.46 | true | true |
|  int2float |   11.40 |   11.37 |   11.40 |    -0.26 |     0.00 |   199.31 |   199.31 |   199.31 |     0.00 |     0.00 |    0.29 |    0.55 | true | true |
|   mem_ctrl | 2063.01 | 1805.94 | 2063.01 |   -12.46 |     0.00 |  1649.46 |  1441.05 |  1649.46 |   -12.64 |     0.00 |  180.49 |  181.84 | true | true |
|   priority |   27.66 |   27.58 |   27.66 |    -0.29 |     0.00 |   909.92 |   909.92 |   909.92 |     0.00 |     0.00 |    0.30 |    0.57 | true | true |
|     router |    7.77 |    7.77 |    7.77 |     0.00 |     0.00 |   308.40 |   308.40 |   308.40 |     0.00 |     0.00 |    0.14 |    0.40 | true | true |
|      voter |  528.05 |  528.14 |  528.05 |     0.02 |     0.00 |  1021.91 |  1066.21 |  1021.91 |     4.34 |     0.00 |    2.07 |    2.49 | true | true |

<a1>=-0.045271 <d1>=0.129366
<aN>=-0.073018 <dN>=0.109306

[i] dataset b675ef4f
|  benchmark |  a(map) | a(opt1) | a(optN) | da(opt1) | da(optN) |   d(map) |  d(opt1) |  d(optN) | dd(opt1) | dd(optN) | t(opt1) | t(optN) | cec1 | cec2 |
|      adder |   57.38 |   57.38 |   57.38 |     0.00 |     0.00 |  2928.89 |  2928.89 |  2928.89 |     0.00 |     0.00 |    0.15 |    0.56 | true | true |
|        bar |  149.13 |  148.40 |  141.04 |    -0.49 |    -5.42 |   234.94 |   277.42 |   288.81 |    18.08 |    22.93 |    1.71 |    3.34 | true | true |
|        div | 1296.90 | 1166.99 | 1086.31 |   -10.02 |   -16.24 | 60248.23 | 68262.63 | 62483.66 |    13.30 |     3.71 |   70.71 |   93.93 | true | true |
|       log2 | 1533.08 | 1504.63 | 1500.94 |    -1.86 |    -2.10 |  4703.48 |  7801.29 |  7868.61 |    65.86 |    67.29 |  106.91 |  203.47 | true | true |
|        max |  158.75 |  158.52 |  159.70 |    -0.14 |     0.60 |  2584.11 |  2584.89 |  2462.72 |     0.03 |    -4.70 |    0.87 |    2.36 | true | true |
| multiplier | 1366.99 | 1334.25 | 1298.82 |    -2.40 |    -4.99 |  3660.08 |  4144.82 |  4572.95 |    13.24 |    24.94 |   41.73 |   85.98 | true | true |
|        sin |  288.50 |  284.04 |  282.96 |    -1.55 |    -1.92 |  2684.59 |  3577.15 |  3683.52 |    33.25 |    37.21 |   16.67 |   26.47 | true | true |
|       sqrt | 1171.15 | 1110.40 | 1076.16 |    -5.19 |    -8.11 | 78957.63 | 78441.27 | 66579.56 |    -0.65 |   -15.68 |   32.27 |   53.10 | true | true |
|     square | 1072.43 | 1038.12 | 1035.41 |    -3.20 |    -3.45 |  3752.70 |  5375.39 |  6232.84 |    43.24 |    66.09 |   30.38 |   55.85 | true | true |
|    arbiter |  557.84 |  334.72 |  257.30 |   -40.00 |   -53.88 |   999.95 |  1126.96 |   709.42 |    12.70 |   -29.05 |    8.90 |   15.36 | true | true |
|      cavlc |   34.27 |   33.60 |   33.52 |    -1.96 |    -2.19 |   247.45 |   274.07 |   248.27 |    10.76 |     0.33 |    1.87 |    2.67 | true | true |
|       ctrl |    5.90 |    5.77 |    5.36 |    -2.20 |    -9.15 |   142.02 |   147.68 |   161.65 |     3.99 |    13.82 |    0.41 |    1.21 | true | true |
|        dec |   27.14 |   27.14 |   27.14 |     0.00 |     0.00 |    72.30 |    72.30 |    72.30 |     0.00 |     0.00 |    0.19 |    0.67 | true | true |
|        i2c |   58.70 |   58.34 |   59.14 |    -0.61 |     0.75 |   273.80 |   273.80 |   266.60 |     0.00 |    -2.63 |    0.52 |    0.95 | true | true |
|  int2float |   11.40 |   11.40 |   11.24 |     0.00 |    -1.40 |   199.31 |   199.31 |   200.79 |     0.00 |     0.74 |    0.14 |    0.53 | true | true |
|   mem_ctrl | 2063.01 | 1801.22 | 1586.04 |   -12.69 |   -23.12 |  1649.46 |  1545.17 |  1432.67 |    -6.32 |   -13.14 |  183.89 |  185.04 | true | true |
|   priority |   27.66 |   27.50 |   27.56 |    -0.58 |    -0.36 |   909.92 |   909.92 |   909.92 |     0.00 |     0.00 |    0.29 |    0.88 | true | true |
|     router |    7.77 |    7.59 |    7.27 |    -2.32 |    -6.44 |   308.40 |   318.73 |   336.96 |     3.35 |     9.26 |    0.29 |    1.11 | true | true |
|      voter |  528.05 |  523.68 |  521.10 |    -0.83 |    -1.32 |  1021.91 |  1379.27 |  1293.25 |    34.97 |    26.55 |   12.68 |   25.29 | true | true |